calls	0.222 0.000 0.055 1.000 0 0 0 0 0 0 0 As,Ac
calls	0.222 0.000 0.200 1.000 0 0 0 0 0 0 0 Jh,Ah
raises	0.222 0.000 0.523 1.000 0 0 0 0 0 0 0 9h,7h
calls	0.222 0.000 1.000 0.550 0 0 0 0 0 0 0 Td,Qh
raises	0.222 0.000 1.000 0.464 0 0 0 0 0 0 0 Tc,Th
calls	0.222 0.000 0.233 1.000 0 0 0 0 0 0 0 Kd,9d
calls	0.222 0.000 1.000 0.320 0 0 0 0 0 0 0 Jd,Js
calls	0.222 0.000 0.307 1.000 0 0 0 0 0 0 0 9h,Qd
calls	0.222 0.000 1.000 0.341 0 0 0 0 0 0 0 6h,3h
calls	0.222 0.000 1.000 0.317 0 0 0 0 0 0 0 Qh,7h
calls	0.222 0.000 0.310 1.000 0 0 0 0 0 0 0 8c,9s
calls	0.222 0.000 1.000 0.285 0 0 0 0 0 0 0 5h,Qh
calls	0.222 0.000 1.000 0.461 0 0 0 0 0 0 0 9d,7c
raises	0.222 0.000 1.000 0.521 0 0 0 0 0 0 0 9c,Qh
calls	0.222 0.000 1.000 0.178 0 0 0 0 0 0 0 Th,3h
calls	0.222 0.000 1.000 0.161 0 0 0 0 0 0 0 9h,Jc
calls	0.222 0.000 0.175 1.000 0 0 0 0 0 0 0 4d,5s
calls	0.222 0.000 0.153 1.000 0 0 0 0 0 0 0 6d,Ks
calls	0.222 0.000 1.000 0.143 0 0 0 0 0 0 0 3d,Qd
raises	0.222 0.000 1.000 0.123 0 0 0 0 0 0 0 7s,Ad
calls	0.222 0.000 0.096 1.000 0 0 0 0 0 0 0 2s,9s
raises	0.222 0.000 0.554 1.000 0 0 0 0 0 0 0 8h,6h
calls	0.222 0.000 1.000 0.644 0 0 0 0 0 0 0 8h,7d
calls	0.222 0.000 1.000 0.558 0 0 0 0 0 0 0 Kh,Ac
raises	0.222 0.000 0.455 1.000 0 0 0 0 0 0 0 3c,3d
calls	0.222 0.000 0.549 1.000 0 0 0 0 0 0 0 Qh,9d
calls	0.222 0.000 0.563 1.000 0 0 0 0 0 0 0 Kd,2d
calls	0.222 0.000 0.677 1.000 0 0 0 0 0 0 0 Qc,Jd
raises	0.222 0.000 1.000 0.623 0 0 0 0 0 0 0 4d,3c
calls	0.222 0.000 0.476 1.000 0 0 0 0 0 0 0 Tc,7d
calls	0.222 0.000 0.503 1.000 0 0 0 0 0 0 0 Qc,2c
raises	0.222 0.000 1.000 0.427 0 0 0 0 0 0 0 Ah,3h
calls	0.222 0.000 0.358 1.000 0 0 0 0 0 0 0 7c,5d
raises	0.222 0.000 1.000 0.435 0 0 0 0 0 0 0 Th,Js
raises	0.222 0.000 0.797 1.000 0 0 0 0 0 0 0 7c,5c
raises	0.222 0.000 1.000 0.850 0 0 0 0 0 0 0 As,2s
calls	0.222 0.000 1.000 0.689 0 0 0 0 0 0 0 7h,9h
calls	0.222 0.000 0.995 1.000 0 0 0 0 0 0 0 Qh,6h
raises	0.222 0.000 1.000 0.951 0 0 0 0 0 0 0 Qc,Qd
calls	0.222 0.000 1.000 0.957 0 0 0 0 0 0 0 2h,2c
calls	0.222 0.000 0.678 1.000 0 0 0 0 0 0 0 8h,9c
calls	0.222 0.000 1.000 0.512 0 0 0 0 0 0 0 Th,8c
raises	0.222 0.000 1.000 0.624 0 0 0 0 0 0 0 Ah,6c
calls	0.222 0.000 1.000 0.619 0 0 0 0 0 0 0 Js,5c
calls	0.333 0.000 1.000 0.754 0.270 0 0 0 0 0 0 Jd,7d
calls	0.222 0.000 0.581 1.000 0 0 0 0 0 0 0 Jd,Ks
raises	0.222 0.000 0.783 1.000 0 0 0 0 0 0 0 Kc,9s
calls	0.222 0.000 0.846 1.000 0 0 0 0 0 0 0 9d,6d
calls	0.222 0.000 0.846 1.000 0 0 0 0 0 0 0 7c,Kc
calls	0.222 0.000 1.000 0.856 0 0 0 0 0 0 0 4d,8d
raises	0.222 0.000 0.041 1.000 0 0 0 0 0 0 0 Qh,Js
raises	0.222 0.000 1.000 0.045 0 0 0 0 0 0 0 Ks,2s
raises	0.222 0.000 1.000 0.048 0 0 0 0 0 0 0 Jc,Ac
raises	0.222 0.000 1.000 0.280 0 0 0 0 0 0 0 Ah,Tc
calls	0.222 0.000 0.188 1.000 0 0 0 0 0 0 0 Ts,Tc
calls	0.333 0.000 0.351 0.253 1.000 0 0 0 0 0 0 Kc,9h
raises	0.444 0.000 1.000 0.102 0.899 0.578 0 0 0 0 0 Ah,Kc
calls	0.333 0.000 0.511 1.000 0.754 0 0 0 0 0 0 Td,6d
calls	0.333 0.000 1.000 0.473 0.556 0 0 0 0 0 0 6c,5h
raises	0.222 0.000 1.000 0.547 0 0 0 0 0 0 0 Kc,Ac
raises	0.333 0.000 1.000 0.277 0.992 0 0 0 0 0 0 Ks,Kh
calls	0.556 0.000 0.590 0.181 0.221 1.000 0.727 0 0 0 0 Qs,Td
calls	0.444 0.000 0.075 0.046 1.000 0.522 0 0 0 0 0 Js,9h
calls	0.444 0.000 0.519 0.080 0.044 1.000 0 0 0 0 0 Ac,4s
raises	0.222 0.000 1.000 0.913 0 0 0 0 0 0 0 Jc,Jh
calls	0.333 0.000 0.550 1.000 0.464 0 0 0 0 0 0 5h,Ad
calls	0.333 0.000 1.000 0.572 0.287 0 0 0 0 0 0 Kd,8c
calls	0.222 0.000 1.000 0.958 0 0 0 0 0 0 0 Ah,Ac
calls	0.222 0.000 1.000 0.725 0 0 0 0 0 0 0 5s,4d
raises	0.333 0.000 0.822 1.000 0.314 0 0 0 0 0 0 Kh,7h
calls	0.444 0.000 0.288 1.000 0.750 0.114 0 0 0 0 0 9s,8h
calls	0.444 0.000 0.209 1.000 0.663 0.174 0 0 0 0 0 Ks,Kd
calls	0.333 0.000 0.198 1.000 0.673 0 0 0 0 0 0 Qh,Kh
calls	0.333 0.000 0.108 1.000 0.778 0 0 0 0 0 0 2c,As
calls	0.222 0.000 0.958 1.000 0 0 0 0 0 0 0 4h,9h
calls	0.222 0.000 0.966 1.000 0 0 0 0 0 0 0 8d,Js
calls	0.222 0.000 0.661 1.000 0 0 0 0 0 0 0 2h,Th
raises	0.222 0.000 0.600 1.000 0 0 0 0 0 0 0 Qh,Jc
calls	0.222 0.000 1.000 0.988 0 0 0 0 0 0 0 7s,6d
raises	0.222 0.000 1.000 0.977 0 0 0 0 0 0 0 8c,8d
raises	0.222 0.000 0.884 1.000 0 0 0 0 0 0 0 6d,6c
raises	0.222 0.000 1.000 0.132 0 0 0 0 0 0 0 Tc,Jc
raises	0.222 0.000 0.125 1.000 0 0 0 0 0 0 0 As,3d
raises	0.222 0.000 0.504 1.000 0 0 0 0 0 0 0 7s,Qh
raises	0.222 0.000 1.000 0.131 0 0 0 0 0 0 0 5d,As
raises	0.222 0.000 0.169 1.000 0 0 0 0 0 0 0 Jh,Jd
raises	0.222 0.000 0.264 1.000 0 0 0 0 0 0 0 Ad,Th
raises	0.222 0.000 1.000 0.659 0 0 0 0 0 0 0 Kd,Jd
calls	0.556 0.000 1.000 0.316 0.097 0.407 0.071 0 0 0 0 2h,Ks
raises	0.556 0.000 1.000 0.317 0.101 0.375 0.103 0 0 0 0 Ah,3h
calls	0.333 0.000 1.000 0.519 0.223 0 0 0 0 0 0 2d,Kh
calls	0.333 0.000 1.000 0.522 0.212 0 0 0 0 0 0 Kd,6s
calls	0.333 0.000 0.453 0.154 1.000 0 0 0 0 0 0 Th,3h
raises	0.222 0.000 0.271 1.000 0 0 0 0 0 0 0 As,5d
raises	0.222 0.000 0.279 1.000 0 0 0 0 0 0 0 7d,Ac
raises	0.222 0.000 0.216 1.000 0 0 0 0 0 0 0 8h,Jd
calls	0.222 0.000 1.000 0.479 0 0 0 0 0 0 0 Jd,Qh
calls	0.222 0.000 1.000 0.559 0 0 0 0 0 0 0 5s,Ad
calls	0.222 0.000 1.000 0.470 0 0 0 0 0 0 0 Tc,Td
calls	0.222 0.000 1.000 0.339 0 0 0 0 0 0 0 Js,Tc
calls	0.222 0.000 1.000 0.312 0 0 0 0 0 0 0 Qs,Kh
calls	0.333 0.000 0.421 1.000 0.083 0 0 0 0 0 0 Ah,Ks
calls	0.333 0.000 0.502 1.000 0.132 0 0 0 0 0 0 Qs,Ts
calls	0.333 0.000 0.526 1.000 0.137 0 0 0 0 0 0 7h,As
calls	0.333 0.000 0.298 1.000 0.133 0 0 0 0 0 0 7h,7s
raises	0.222 0.000 0.062 1.000 0 0 0 0 0 0 0 Kh,3h
raises	0.222 0.000 1.000 0.086 0 0 0 0 0 0 0 Kc,9c
calls	0.222 0.000 1.000 0.089 0 0 0 0 0 0 0 3c,Tc
calls	0.222 0.000 0.052 1.000 0 0 0 0 0 0 0 Ad,8h
raises	0.222 0.000 1.000 0.083 0 0 0 0 0 0 0 8h,Ac
calls	0.222 0.000 1.000 0.082 0 0 0 0 0 0 0 5d,7s
calls	0.222 0.000 1.000 0.080 0 0 0 0 0 0 0 4c,2c
calls	0.222 0.000 1.000 0.106 0 0 0 0 0 0 0 8h,3h
calls	0.222 0.000 0.092 1.000 0 0 0 0 0 0 0 As,Ts
calls	0.222 0.000 0.106 1.000 0 0 0 0 0 0 0 Ah,Ac
raises	0.222 0.000 1.000 0.136 0 0 0 0 0 0 0 Ts,Th
calls	0.222 0.000 1.000 0.083 0 0 0 0 0 0 0 Th,5h
calls	0.222 0.000 0.170 1.000 0 0 0 0 0 0 0 Qc,As
raises	0.222 0.000 0.800 1.000 0 0 0 0 0 0 0 Ts,9c
raises	0.222 0.000 0.812 1.000 0 0 0 0 0 0 0 Qs,Ad
calls	0.222 0.000 1.000 0.823 0 0 0 0 0 0 0 Qh,3s
raises	0.222 0.000 1.000 0.737 0 0 0 0 0 0 0 Ah,Qd
raises	0.222 0.000 0.118 1.000 0 0 0 0 0 0 0 9d,9s
calls	0.222 0.000 0.143 1.000 0 0 0 0 0 0 0 7h,8c
raises	0.333 0.000 1.000 0.804 0.047 0 0 0 0 0 0 Qh,Ks
calls	0.222 0.000 1.000 0.571 0 0 0 0 0 0 0 Qc,7s
calls	0.222 0.000 1.000 0.556 0 0 0 0 0 0 0 8s,Ad
calls	0.222 0.000 1.000 0.521 0 0 0 0 0 0 0 Ks,7d
raises	0.222 0.000 0.334 1.000 0 0 0 0 0 0 0 Jh,Qc
raises	0.222 0.000 0.336 1.000 0 0 0 0 0 0 0 Qc,Jh
raises	0.222 0.000 0.399 1.000 0 0 0 0 0 0 0 Ks,7c
raises	0.222 0.000 0.478 1.000 0 0 0 0 0 0 0 Th,Qd
calls	0.222 0.000 1.000 0.598 0 0 0 0 0 0 0 5d,6c
raises	0.222 0.000 0.544 1.000 0 0 0 0 0 0 0 8h,7s
raises	0.222 0.000 0.987 1.000 0 0 0 0 0 0 0 Ad,8c
raises	0.222 0.000 1.000 0.079 0 0 0 0 0 0 0 Qs,Qc
raises	0.222 0.000 1.000 0.029 0 0 0 0 0 0 0 5c,As
raises	0.222 0.000 0.037 1.000 0 0 0 0 0 0 0 3d,3h
calls	0.222 0.000 0.079 1.000 0 0 0 0 0 0 0 9c,Td
calls	0.333 0.000 0.222 0.716 1.000 0 0 0 0 0 0 9c,2c
calls	0.333 0.000 0.272 0.619 1.000 0 0 0 0 0 0 Qd,2d
calls	0.333 0.000 0.312 0.710 1.000 0 0 0 0 0 0 As,8s
calls	0.333 0.000 0.297 0.671 1.000 0 0 0 0 0 0 7h,Qc
raises	0.333 0.000 0.177 0.763 1.000 0 0 0 0 0 0 Jh,Th
calls	0.333 0.000 0.080 0.742 1.000 0 0 0 0 0 0 Js,3s
calls	0.222 0.000 0.114 1.000 0 0 0 0 0 0 0 Qd,3h
raises	0.222 0.000 0.119 1.000 0 0 0 0 0 0 0 As,Kd
calls	0.333 0.000 0.776 1.000 0.109 0 0 0 0 0 0 2c,5c
calls	0.333 0.000 0.033 0.871 1.000 0 0 0 0 0 0 Qh,4h
raises	0.222 0.000 1.000 0.032 0 0 0 0 0 0 0 Ah,8h
raises	0.222 0.000 1.000 0.348 0 0 0 0 0 0 0 Kc,3c
raises	0.222 0.000 1.000 0.307 0 0 0 0 0 0 0 Kh,Jh
calls	0.222 0.000 0.278 1.000 0 0 0 0 0 0 0 6s,Ks
raises	0.222 0.000 1.000 0.299 0 0 0 0 0 0 0 As,8s
raises	0.222 0.000 0.002 1.000 0 0 0 0 0 0 0 2c,4c
raises	0.222 0.000 1.000 0.003 0 0 0 0 0 0 0 Qc,Qd
raises	0.222 0.000 1.000 0.710 0 0 0 0 0 0 0 Ts,Jc
raises	0.222 0.000 1.000 0.717 0 0 0 0 0 0 0 Js,Td
raises	0.222 0.000 0.701 1.000 0 0 0 0 0 0 0 Kh,Td
calls	0.222 0.000 0.721 1.000 0 0 0 0 0 0 0 Th,9s
calls	0.222 0.000 0.745 1.000 0 0 0 0 0 0 0 Th,9s
raises	0.222 0.000 0.739 1.000 0 0 0 0 0 0 0 As,7d
raises	0.222 0.000 1.000 0.726 0 0 0 0 0 0 0 Ad,Ac
raises	0.222 0.000 1.000 0.840 0 0 0 0 0 0 0 6s,Ah
raises	0.222 0.000 1.000 0.991 0 0 0 0 0 0 0 Ac,6d
raises	0.222 0.000 1.000 0.701 0 0 0 0 0 0 0 Ad,3s
raises	0.222 0.000 0.692 1.000 0 0 0 0 0 0 0 Ks,3s
raises	0.222 0.000 0.699 1.000 0 0 0 0 0 0 0 As,9c
raises	0.222 0.000 1.000 0.747 0 0 0 0 0 0 0 Qd,7d
raises	0.222 0.000 0.726 1.000 0 0 0 0 0 0 0 Td,Tc
calls	0.222 0.000 0.823 1.000 0 0 0 0 0 0 0 4c,Qc
raises	0.222 0.000 0.805 1.000 0 0 0 0 0 0 0 Qh,9s
calls	0.222 0.000 0.803 1.000 0 0 0 0 0 0 0 4s,Ks
raises	0.222 0.000 0.830 1.000 0 0 0 0 0 0 0 As,Kc
raises	0.222 0.000 1.000 0.852 0 0 0 0 0 0 0 7d,Ah
calls	0.222 0.000 0.809 1.000 0 0 0 0 0 0 0 4c,5c
raises	0.222 0.000 1.000 0.826 0 0 0 0 0 0 0 Qh,8h
raises	0.222 0.000 1.000 0.596 0 0 0 0 0 0 0 Jh,5h
raises	0.222 0.000 1.000 0.445 0 0 0 0 0 0 0 2s,3s
raises	0.222 0.000 1.000 0.318 0 0 0 0 0 0 0 Qs,Ad
raises	0.222 0.000 0.345 1.000 0 0 0 0 0 0 0 9h,9c
raises	0.222 0.000 1.000 0.559 0 0 0 0 0 0 0 Jc,Th
calls	0.333 0.000 0.335 0.067 1.000 0 0 0 0 0 0 Ad,7c
calls	0.333 0.000 0.349 0.112 1.000 0 0 0 0 0 0 As,5c
calls	0.444 0.000 0.087 0.128 1.000 0.400 0 0 0 0 0 Ks,9c
raises	0.333 0.000 0.454 0.064 1.000 0 0 0 0 0 0 Ks,8s
calls	0.556 0.000 1.000 0.060 0.035 0.075 0.038 0 0 0 0 7c,Kh
calls	0.667 0.000 0.089 0.012 1.000 0.039 0.060 0.061 0 0 0 Kc,2s
calls	0.556 0.000 0.069 1.000 0.032 0.079 0.049 0 0 0 0 9s,8h
calls	0.222 0.000 1.000 0.074 0 0 0 0 0 0 0 8d,9h
calls	0.222 0.000 0.088 1.000 0 0 0 0 0 0 0 8h,Th
raises	0.222 0.000 1.000 0.091 0 0 0 0 0 0 0 As,Ts
raises	0.222 0.000 1.000 0.032 0 0 0 0 0 0 0 Qh,Qd
calls	0.222 0.000 0.049 1.000 0 0 0 0 0 0 0 4s,4h
raises	0.222 0.000 1.000 0.900 0 0 0 0 0 0 0 Jc,Qc
calls	0.222 0.000 0.888 1.000 0 0 0 0 0 0 0 8d,Tc
calls	0.222 0.000 0.888 1.000 0 0 0 0 0 0 0 As,5h
raises	0.222 0.000 1.000 0.569 0 0 0 0 0 0 0 9d,9s
raises	0.333 0.000 0.397 0.013 1.000 0 0 0 0 0 0 7c,7h
raises	0.222 0.000 0.405 1.000 0 0 0 0 0 0 0 7h,Ah
raises	0.222 0.000 1.000 0.539 0 0 0 0 0 0 0 Ts,Ac
raises	0.222 0.000 0.456 1.000 0 0 0 0 0 0 0 5h,Ks
raises	0.222 0.000 1.000 0.439 0 0 0 0 0 0 0 3d,3c
raises	0.222 0.000 0.256 1.000 0 0 0 0 0 0 0 Ks,8s
raises	0.222 0.000 0.210 1.000 0 0 0 0 0 0 0 4h,Qh
raises	0.222 0.000 0.198 1.000 0 0 0 0 0 0 0 Kd,9c
calls	0.333 0.000 0.020 1.000 0.026 0 0 0 0 0 0 2s,Ad
calls	0.333 0.000 0.029 1.000 0.062 0 0 0 0 0 0 Qd,4d
calls	0.333 0.000 0.032 1.000 0.061 0 0 0 0 0 0 9d,Qs
calls	0.333 0.000 0.021 1.000 0.041 0 0 0 0 0 0 9c,8c
calls	0.333 0.000 0.027 1.000 0.052 0 0 0 0 0 0 As,Ah
raises	0.333 0.000 1.000 0.392 0.441 0 0 0 0 0 0 Jh,Jd
calls	0.222 0.000 1.000 0.887 0 0 0 0 0 0 0 Kd,4s
calls	0.222 0.000 0.760 1.000 0 0 0 0 0 0 0 Qh,8c
raises	0.222 0.000 1.000 0.045 0 0 0 0 0 0 0 8s,Ac
raises	0.222 0.000 1.000 0.047 0 0 0 0 0 0 0 As,Qs
calls	0.222 0.000 0.032 1.000 0 0 0 0 0 0 0 6d,Kc
raises	0.222 0.000 0.033 1.000 0 0 0 0 0 0 0 Ac,8c
calls	0.222 0.000 0.042 1.000 0 0 0 0 0 0 0 8c,7d
raises	0.222 0.000 0.040 1.000 0 0 0 0 0 0 0 4d,Ks
raises	0.222 0.000 1.000 0.132 0 0 0 0 0 0 0 5h,As
calls	0.222 0.000 0.020 1.000 0 0 0 0 0 0 0 Qh,8d
calls	0.333 0.000 0.044 1.000 0.049 0 0 0 0 0 0 8d,7c
calls	0.333 0.000 0.048 1.000 0.054 0 0 0 0 0 0 6c,7h
calls	0.333 0.000 0.048 1.000 0.046 0 0 0 0 0 0 Kd,Kh
calls	0.222 0.000 0.061 1.000 0 0 0 0 0 0 0 9c,7s
calls	0.222 0.000 0.061 1.000 0 0 0 0 0 0 0 3c,Jd
calls	0.222 0.000 0.060 1.000 0 0 0 0 0 0 0 8d,Qh
calls	0.222 0.000 0.024 1.000 0 0 0 0 0 0 0 As,Ad
raises	0.222 0.000 0.028 1.000 0 0 0 0 0 0 0 Tc,Kc
raises	0.222 0.000 1.000 0.048 0 0 0 0 0 0 0 9d,As
raises	0.222 0.000 0.051 1.000 0 0 0 0 0 0 0 5h,Th
raises	0.222 0.000 0.069 1.000 0 0 0 0 0 0 0 Qh,Ts
raises	0.222 0.000 1.000 0.042 0 0 0 0 0 0 0 8d,Qh
raises	0.333 0.000 0.042 1.000 0.026 0 0 0 0 0 0 9d,Qd
calls	0.222 0.000 0.413 1.000 0 0 0 0 0 0 0 Kh,Ks
raises	0.222 0.000 1.000 0.386 0 0 0 0 0 0 0 As,8d
calls	0.222 0.000 0.176 1.000 0 0 0 0 0 0 0 4d,Ks
calls	0.222 0.000 1.000 0.272 0 0 0 0 0 0 0 9s,8d
raises	0.222 0.000 1.000 0.021 0 0 0 0 0 0 0 Ks,4h
calls	0.222 0.000 0.481 1.000 0 0 0 0 0 0 0 Qd,6s
raises	0.222 0.000 1.000 0.548 0 0 0 0 0 0 0 Th,Ts
calls	0.222 0.000 0.093 1.000 0 0 0 0 0 0 0 3d,Th
raises	0.333 0.000 0.024 1.000 0.090 0 0 0 0 0 0 4c,Ah
calls	0.667 0.000 0.010 0.048 0.028 1.000 0.077 0.036 0 0 0 8d,9c
calls	0.222 0.000 1.000 0.917 0 0 0 0 0 0 0 Kc,5d
calls	0.222 0.000 0.782 1.000 0 0 0 0 0 0 0 5d,6d
raises	0.222 0.000 1.000 0.774 0 0 0 0 0 0 0 6s,Ac
calls	0.222 0.000 0.778 1.000 0 0 0 0 0 0 0 4c,2c
calls	0.222 0.000 0.851 1.000 0 0 0 0 0 0 0 3h,3d
raises	0.222 0.000 0.922 1.000 0 0 0 0 0 0 0 8c,8d
raises	0.222 0.000 0.463 1.000 0 0 0 0 0 0 0 2s,4h
calls	0.222 0.000 0.538 1.000 0 0 0 0 0 0 0 9s,As
calls	0.222 0.000 0.667 1.000 0 0 0 0 0 0 0 Ks,Kh
raises	0.222 0.000 0.789 1.000 0 0 0 0 0 0 0 5c,9c
calls	0.222 0.000 0.834 1.000 0 0 0 0 0 0 0 Kh,Qs
raises	0.222 0.000 1.000 0.898 0 0 0 0 0 0 0 7s,Ah
